6600,'4944',800,,77,,,0,100,,71,,,0,40,,70,,,0,75,,69,,,0,35,,63,,,0,70,,73,,,0,31,,79,,,0,75,,60,,,0,81,,78,,,0,35,,68,,,0,86,,81,,,0,85,,59,,,0,45,,82,,,0,84,,61,,,0,85,,62,,,0,85,,64,,,0,31,,74,0,5 6,0,68,,65,,,0,30,,72,,,0,69,,67,,,0,45,,80,,,0,90,,75,,,0,95,,66,0,5 6,0,5,,76,,,0
6600,'4946',859,,20,,,0,80,,19,,,0,75,,18,,,0,35,,12,,,0,70,,2,,,0,30,,3,,,0,75,,11,,,0,81,,1,,,0,35,,17,,,0,86,,23,,,0,85,,4,,,0,46,,21,,,0,84,,5,,,0,84,,6,,,0,85,,22,,,0,30,,16,0,5 6,0,70,,7,,,0,30,,8,,,0,70,,15,,,0,45,,10,,,0,90,,13,,,0,94,,9,0,5 6,0,5,,14,,,0
6600,'4955',703,,165,,,0,41,,166,,,0,67,,167,,,0,26,,168,,,0,20,,171,0,5 6,0,60,,172,,,0,28,,173,,,0,69,,174,0,5 6,0,30,,170,,,0,70,,176,0,5 6,0,30,,169,,,0,70,,175,0,5 6,0,30,,177,,,0,72,,198,0,5 6,0,26,,178,,,0,75,,197,,,0,31,,196,,,0,74,,199,0,5 6,0,35,,194,,,0,72,,195,0,5 6,0,74,,180,,,0,17,,181,0,5 6,0,19,,182,,,0,18,,183,0,5 6,0,61,,184,,,0,15,,185,,,0,18,,187,,,0,58,,186,,,0,20,,188,,,0,18,,190,0,5 6,0,65,,191,,,0,30,,179,,,0,70,,189,,,0,34,,192,,,0,100,,193,,,0
6600,'4957',800,,218,,,0,100,,212,,,0,40,,211,,,0,75,,210,,,0,35,,204,,,0,70,,214,,,0,31,,219,,,0,75,,201,,,0,81,,220,,,0,35,,209,,,0,86,,222,,,0,85,,200,,,0,45,,223,,,0,84,,202,,,0,85,,203,,,0,85,,205,,,0,31,,215,0,5 6,0,68,,206,,,0,30,,213,,,0,69,,208,,,0,45,,221,,,0,90,,216,,,0,95,,207,0,5 6,0,5,,217,,,0
6600,'4958',859,,243,,,0,80,,242,,,0,75,,241,,,0,35,,235,,,0,70,,225,,,0,30,,226,,,0,75,,234,,,0,81,,224,,,0,35,,239,,,0,86,,246,,,0,85,,227,,,0,46,,244,,,0,84,,228,,,0,84,,229,,,0,85,,245,,,0,30,,240,0,5 6,0,70,,230,,,0,30,,231,,,0,70,,238,,,0,45,,233,,,0,90,,236,,,0,94,,232,0,5 6,0,5,,237,,,0
6601,'4944',628,,159,,,0,101,,155,,,0,80,,152,,,0,35,,151,,,0,75,,147,,,0,26,,154,,,0,71,,161,,,0,36,,144,,,0,77,,160,,,0,75,,150,,,0,44,,163,,,0,85,,141,,,0,85,,164,,,0,85,,142,,,0,45,,143,,,0,85,,145,,,0,72,,156,,,0,29,,146,,,0,70,,153,,,0,30,,148,,,0,87,,162,,,0,85,,157,,,0,50,,149,,,0,45,,158,,,0
6601,'4946',728,,102,,,0,80,,101,,,0,35,,100,,,0,75,,94,,,0,30,,84,,,0,71,,85,,,0,36,,93,,,0,75,,86,,,0,75,,99,,,0,45,,105,,,0,83,,87,,,0,84,,104,,,0,85,,88,,,0,44,,89,,,0,84,,103,,,0,73,,98,,,0,30,,83,,,0,70,,90,,,0,30,,97,,,0,85,,92,,,0,86,,95,,,0,51,,91,,,0,45,,96,,,0
6601,'4955',522,,247,,,0,22,,248,,,0,60,,249,,,0,21,,250,,,0,21,,253,,,0,63,,254,,,0,37,,255,,,0,79,,256,,,0,78,,252,,,0,35,,258,,,0,71,,251,,,0,30,,257,,,0,70,,259,,,0,30,,280,,,0,65,,261,,,0,29,,279,,,0,69,,278,,,0,29,,281,,,0,28,,277,,,0,68,,276,,,0,27,,262,,,0,59,,263,,,0,16,,264,,,0,17,,265,,,0,63,,266,,,0,20,,267,,,0,26,,268,,,0,66,,269,,,0,23,,270,,,0,64,,271,,,0,31,,272,,,0,71,,260,,,0,30,,273,,,0,70,,274,,,0,95,,275,,,0
6601,'4957',628,,300,,,0,101,,296,,,0,80,,293,,,0,35,,292,,,0,75,,288,,,0,26,,295,,,0,71,,302,,,0,36,,285,,,0,77,,301,,,0,75,,291,,,0,44,,304,,,0,85,,282,,,0,85,,305,,,0,85,,283,,,0,45,,284,,,0,85,,286,,,0,72,,297,,,0,29,,287,,,0,70,,294,,,0,30,,289,,,0,87,,303,,,0,85,,299,,,0,50,,290,,,0,45,,298,,,0
6601,'4958',728,,325,,,0,80,,324,,,0,35,,323,,,0,75,,317,,,0,30,,307,,,0,71,,308,,,0,36,,316,,,0,75,,309,,,0,75,,322,,,0,45,,328,,,0,83,,310,,,0,84,,327,,,0,85,,311,,,0,44,,312,,,0,84,,326,,,0,73,,321,,,0,30,,306,,,0,70,,313,,,0,30,,320,,,0,85,,315,,,0,86,,318,,,0,51,,314,,,0,45,,319,,,0
