6600,'4944',810,,77,,,0,100,,71,,,0,40,,70,,,0,75,,69,,,0,75,,63,,,0,30,,73,,,0,71,,79,,,0,35,,60,,,0,82,,78,,,0,35,,68,,,0,86,,81,,,0,85,,59,,,0,84,,82,,,0,44,,61,,,0,85,,62,,,0,85,,64,,,0,31,,74,4,,0,68,,65,,,0,30,,72,,,0,69,,67,,,0,85,,80,,,0,50,,75,,,0,95,,66,4,,0,5,,76,,,0
6600,'4946',909,,20,,,0,40,,19,,,0,75,,18,,,0,35,,12,,,0,70,,2,,,0,30,,3,,,0,75,,11,,,0,81,,1,,,0,35,,17,,,0,86,,23,,,0,85,,4,,,0,86,,21,,,0,44,,5,,,0,84,,6,,,0,85,,22,,,0,30,,16,4,,0,70,,7,,,0,30,,8,,,0,70,,15,,,0,85,,10,,,0,50,,13,,,0,94,,9,4,,0,5,,14,,,0
6600,'4955',712,,165,,,0,43,,166,,,0,70,,167,,,0,23,,168,,,0,59,,171,4,,0,20,,172,,,0,28,,173,,,0,69,,174,4,,0,30,,170,,,0,70,,176,4,,0,31,,169,,,0,70,,175,4,,0,30,,177,,,0,72,,198,4,,0,26,,178,,,0,76,,197,,,0,71,,196,,,0,35,,199,4,,0,76,,194,,,0,32,,195,4,,0,75,,180,,,0,15,,181,4,,0,18,,182,,,0,57,,183,4,,0,21,,184,,,0,15,,185,,,0,57,,187,,,0,18,,186,,,0,20,,188,,,0,17,,190,4,,0,65,,191,,,0,30,,179,,,0,70,,189,,,0,34,,192,,,0,100,,193,,,0
6600,'4957',810,,218,,,0,100,,212,,,0,40,,211,,,0,75,,210,,,0,75,,204,,,0,30,,214,,,0,71,,219,,,0,35,,201,,,0,82,,220,,,0,35,,209,,,0,86,,222,,,0,85,,200,,,0,84,,223,,,0,44,,202,,,0,85,,203,,,0,85,,205,,,0,31,,215,4,,0,68,,206,,,0,30,,213,,,0,69,,208,,,0,85,,221,,,0,50,,216,,,0,95,,207,4,,0,5,,217,,,0
6600,'4958',909,,243,,,0,40,,242,,,0,75,,241,,,0,35,,235,,,0,70,,225,,,0,30,,226,,,0,75,,234,,,0,81,,224,,,0,35,,239,,,0,86,,246,,,0,85,,227,,,0,86,,244,,,0,44,,228,,,0,84,,229,,,0,85,,245,,,0,30,,240,4,,0,70,,230,,,0,30,,231,,,0,70,,238,,,0,85,,233,,,0,50,,236,,,0,94,,232,4,,0,5,,237,,,0
6601,'4944',618,,159,,,0,100,,155,,,0,40,,152,,,0,75,,151,,,0,75,,147,,,0,26,,154,,,0,71,,161,,,0,36,,144,,,0,77,,160,,,0,34,,150,,,0,84,,163,,,0,85,,141,,,0,86,,164,,,0,45,,142,,,0,85,,143,,,0,85,,145,,,0,32,,156,,,0,69,,146,,,0,30,,153,,,0,70,,148,,,0,88,,162,,,0,45,,157,,,0,90,,149,,,0,5,,158,,,0
6601,'4946',718,,102,,,0,40,,101,,,0,75,,100,,,0,75,,94,,,0,30,,84,,,0,71,,85,,,0,35,,93,,,0,75,,86,,,0,35,,99,,,0,85,,105,,,0,83,,87,,,0,84,,104,,,0,45,,88,,,0,84,,89,,,0,84,,103,,,0,33,,98,,,0,70,,83,,,0,30,,90,,,0,70,,97,,,0,85,,92,,,0,46,,95,,,0,91,,91,,,0,6,,96,,,0
6601,'4955',511,,247,,,0,21,,248,,,0,20,,249,,,0,61,,250,,,0,21,,253,,,0,23,,254,,,0,76,,255,,,0,79,,256,,,0,39,,252,,,0,75,,258,,,0,31,,251,,,0,70,,257,,,0,30,,259,,,0,69,,280,,,0,25,,261,,,0,69,,279,,,0,30,,278,,,0,69,,281,,,0,28,,277,,,0,68,,276,,,0,26,,262,,,0,59,,263,,,0,15,,264,,,0,17,,265,,,0,23,,266,,,0,60,,267,,,0,26,,268,,,0,67,,269,,,0,23,,270,,,0,25,,271,,,0,71,,272,,,0,31,,260,,,0,71,,273,,,0,30,,274,,,0,95,,275,,,0
6601,'4957',618,,300,,,0,100,,296,,,0,40,,293,,,0,75,,292,,,0,75,,288,,,0,26,,295,,,0,71,,302,,,0,36,,285,,,0,77,,301,,,0,34,,291,,,0,84,,304,,,0,85,,282,,,0,86,,305,,,0,45,,283,,,0,85,,284,,,0,85,,286,,,0,32,,297,,,0,69,,287,,,0,30,,294,,,0,70,,289,,,0,88,,303,,,0,45,,299,,,0,90,,290,,,0,5,,298,,,0
6601,'4958',718,,325,,,0,40,,324,,,0,75,,323,,,0,75,,317,,,0,30,,307,,,0,71,,308,,,0,35,,316,,,0,75,,309,,,0,35,,322,,,0,85,,328,,,0,83,,310,,,0,84,,327,,,0,45,,311,,,0,84,,312,,,0,84,,326,,,0,33,,321,,,0,70,,306,,,0,30,,313,,,0,70,,320,,,0,85,,315,,,0,46,,318,,,0,91,,314,,,0,6,,319,,,0
