'2920',6600,90000,,'',0,11500,,'',0,11500,,'',0,11500,,'',0,15500,,'',0,11500,,'',0,11500,,'',0,11500,,'',0,15500,,'',0,11500,,'',0
'2920',6601,83600,4,'',0,11500,4,'',0,15500,4,'',0,11600,4,'',0,11500,4,'',0,11500,4,'',0,15500,4,'',0,11400,4,'',0,11500,4,'',0,11500,4,'',0
'2927',6600,62000,,'',0,8000,,'',0,3000,,'',0,7500,,'',0,3000,,'',0,7000,,'',0,2500,,'',0,7000,,'',0,10000,,'',0,10000,,'',0,10000,,'',0,3500,,'',0,9500,,'',0,9000,,'',0,8000,,'',0,3000,0,'McCallum P&R',0,2000,,'',0,6000,0,'McCallum P&R',0,2500,,'',0,9500,,'',0,8000,,'',0,9000,,'',0,10000,,'',0
'2927',6601,60200,4,'',0,4200,4,'',0,7400,4,'',0,3100,4,'',0,6500,4,'',0,2900,4,'',0,6500,4,'',0,3700,4,'',0,9800,4,'',0,9700,4,'',0,10000,4,'',0,8100,4,'',0,9500,4,'',0,8700,4,'',0,4200,4,'',0,6700,4,'',0,2000,4,'',0,2000,4,'',0,5900,4,'',0,9700,4,'',0,4800,4,'',0,8800,4,'',0,9800,4,'',0
'2928',6600,85700,0,'Airshow',0,4300,,'',0,1700,0,'Airshow',0,2000,0,'Airshow',0,7800,,'',0,11500,,'',0,11500,,'',0,15500,,'',0,11500,,'',0,11500,,'',0,11500,,'',0,15500,,'',0,11500,,'',0
'2928',6601,83600,4,'',0,11500,4,'',0,15500,4,'',0,11600,4,'',0,11500,4,'',0,11500,4,'',0,15500,4,'',0,11400,4,'',0,10900,4,'',0,600,4,'',0,1400,4,'',0,6000,4,'',0,4100,4,'',0
'3217',6600,104500,,'',0,17000,,'',0,11500,,'',0,10000,,'',0,17000,,'',0,11500,,'',0,13000,,'',0,17000,,'',0
'3217',6601,102100,4,'',0,13200,4,'',0,15600,4,'',0,10000,4,'',0,12900,4,'',0,11500,4,'',0,16900,4,'',0,12900,4,'',0
'3218',6600,62000,,'',0,8000,,'',0,3000,,'',0,7500,,'',0,3000,,'',0,7000,,'',0,2500,,'',0,7000,,'',0,10000,,'',0,10000,,'',0,10000,,'',0,3500,,'',0,9500,,'',0,9000,,'',0,8000,,'',0,3000,0,'McCallum P&R',0,2000,,'',0,6000,0,'McCallum P&R',0,2500,,'',0,9500,,'',0,8000,,'',0,9000,,'',0,10000,,'',0
'3218',6601,60200,4,'',0,4200,4,'',0,7400,4,'',0,3100,4,'',0,6500,4,'',0,2900,4,'',0,6500,4,'',0,3700,4,'',0,9800,4,'',0,9700,4,'',0,10000,4,'',0,8100,4,'',0,9500,4,'',0,8700,4,'',0,4200,4,'',0,6700,4,'',0,2000,4,'',0,2000,4,'',0,5900,4,'',0,9700,4,'',0,4800,4,'',0,8800,4,'',0,9800,4,'',0
'3220',6600,85700,0,'Airshow',0,6000,0,'Airshow',0,2000,0,'Airshow',0,10800,,'',0,17000,,'',0,11500,,'',0,10000,,'',0,17000,,'',0,11500,,'',0,13000,,'',0,17000,,'',0
'3220',6601,102100,4,'',0,13200,4,'',0,15600,4,'',0,10000,4,'',0,12900,4,'',0,11500,4,'',0,16900,4,'',0,800,4,'',0,2000,4,'',0,6000,4,'',0,4100,4,'',0
